$CONTROL
          
INUMT=171
LSOLID=T
IWIND=3
FK=6.5749125d0
PMMA=2.0000D0
PMMB=1.0000D0
PMMC=0.0000D0
PMMM=0.2200D0
SOLJDOT=1.3000E+30
SOLMDOT=1.2700E+12
PDISK=8.1343097
TDISK=0.28098312
TAUCOUPLE=2.0000E+07
WCRIT=3.3938561d-05
LROSS = .TRUE.
ROCRIT = 999.0d0
$END
